%%Question 1: Find the spatial twist that would produce a given change in pose
%{
clear all;
clc;

T_1in0 = [0.76050879 -0.10775426 -0.64032445 -0.38481423; 0.58184160 0.55084988 0.59835171 -0.33007384; 0.28824770 -0.82761913 0.48162209 0.30045953; 0.00000000 0.00000000 0.00000000 1.00000000];
T_2in0 = [0.94422332 -0.25719483 -0.20565294 -0.19274346; 0.17216216 -0.14681519 0.97406647 -0.86381721; -0.28071784 -0.95514194 -0.09434711 0.51553418; 0.00000000 0.00000000 0.00000000 1.00000000];
V_mat = logm(T_2in0*T_1in0^-1);

V_vec = screwMat2screwVec(V_mat);
mat2str(V_vec,5)
%}

%% Question 2: Find a set of joint variables that would produce a given tool pose for a robot with more than 6 joints

T_1in0 = [-0.88860292 0.45365763 0.06767278 1.33558451; -0.13571724 -0.40098237 0.90597680 -2.83751810; 0.43813888 0.79586927 0.41788327 0.55678693; 0.00000000 0.00000000 0.00000000 1.00000000];
M = [0.00000000 0.00000000 -1.00000000 4.00000000; 0.00000000 -1.00000000 0.00000000 0.00000000; -1.00000000 0.00000000 0.00000000 -2.00000000; 0.00000000 0.00000000 0.00000000 1.00000000];
S = [0.00000000 0.00000000 0.00000000 1.00000000 0.00000000 1.00000000 0.00000000 -1.00000000; 0.00000000 0.00000000 0.00000000 0.00000000 0.00000000 0.00000000 -1.00000000 0.00000000; 0.00000000 1.00000000 -1.00000000 0.00000000 0.00000000 0.00000000 0.00000000 0.00000000; 0.00000000 0.00000000 0.00000000 0.00000000 0.00000000 0.00000000 0.00000000 0.00000000; 0.00000000 2.00000000 0.00000000 2.00000000 -1.00000000 0.00000000 0.00000000 2.00000000; 1.00000000 0.00000000 0.00000000 0.00000000 0.00000000 0.00000000 -6.00000000 0.00000000];

s1 = S(:,1);
s2 = S(:,2);
s3 = S(:,3);
s4 = S(:,4);
s5 = S(:,5);
s6 = S(:,6);

done = 0
while done == 0:
    


    thetadot = J'*(J*J')^-1*V;










